Wires      Total Counts    CT Counts    CT (%)
0 1    6             0            0
1 2    12             0            0
2 3    19             0            0
3 4    33             0            0
4 5    46             0            0
5 6    56             0            0
6 7    79             1            1.26582
7 8    107             2            1.86916
8 9    117             1            0.854701
9 10    126             1            0.793651
10 11    139             0            0
11 12    155             1            0.645161
12 13    177             1            0.564972
13 14    209             0            0
14 15    220             1            0.454545
15 16    257             1            0.389105
16 17    290             4            1.37931
17 18    311             2            0.643087
18 19    324             5            1.54321
19 20    345             2            0.57971
20 21    372             3            0.806452
21 22    386             4            1.03627
22 23    386             5            1.29534
23 24    412             4            0.970874
24 25    442             3            0.678733
25 26    467             8            1.71306
26 27    498             6            1.20482
27 28    515             4            0.776699
28 29    534             10            1.87266
29 30    527             6            1.13852
30 31    551             2            0.362976
31 32    603             3            0.497512
32 33    641             7            1.09204
33 34    677             12            1.77253
34 35    698             6            0.859599
35 36    722             5            0.692521
36 37    713             5            0.701262
37 38    712             9            1.26404
38 39    719             14            1.94715
39 40    746             6            0.80429
40 41    749             7            0.934579
41 42    768             11            1.43229
42 43    791             9            1.1378
43 44    852             6            0.704225
44 45    901             9            0.99889
45 46    916             8            0.873362
46 47    909             12            1.32013
47 48    904             4            0.442478
48 49    873             6            0.687285
49 50    858             7            0.815851
50 51    863             10            1.15875
51 52    873             8            0.91638
52 53    870             2            0.229885
53 54    901             9            0.99889
54 55    916             5            0.545852
55 56    901             3            0.332963
56 57    885             4            0.451977
57 58    872             4            0.458716
58 59    884             6            0.678733
59 60    869             7            0.805524
60 61    861             6            0.696864
61 62    953             10            1.04932
62 63    976             5            0.512295
63 64    953             8            0.839454
64 65    981             9            0.917431
65 66    991             9            0.908174
66 67    995             12            1.20603
67 68    928             7            0.75431
68 69    931             5            0.537057
69 70    922             5            0.542299
70 71    914             13            1.42232
71 72    881             7            0.794552
72 73    865             11            1.27168
73 74    878             6            0.683371
74 75    920             11            1.19565
75 76    905             5            0.552486
76 77    883             6            0.679502
77 78    899             9            1.00111
78 79    899             10            1.11235
79 80    885             3            0.338983
80 81    939             13            1.38445
81 82    925             7            0.756757
82 83    909             12            1.32013
83 84    908             5            0.550661
84 85    894             3            0.33557
85 86    874             8            0.915332
86 87    881             8            0.908059
87 88    912             9            0.986842
88 89    911             4            0.439078
89 90    918             11            1.19826
90 91    916             6            0.655022
91 92    913             6            0.657174
92 93    924             10            1.08225
93 94    890             8            0.898876
94 95    868             7            0.806452
95 96    906             7            0.772627
96 97    876             6            0.684932
97 98    885             7            0.79096
98 99    875             10            1.14286
99 100    891             8            0.897868
100 101    868             6            0.691244
101 102    864             8            0.925926
102 103    876             7            0.799087
103 104    858             8            0.932401
104 105    863             10            1.15875
105 106    875             8            0.914286
106 107    860             7            0.813953
107 108    885             5            0.564972
108 109    915             9            0.983607
109 110    892             3            0.336323
110 111    886             7            0.790068
111 112    866             8            0.923788
112 113    852             7            0.821596
113 114    827             9            1.08827
114 115    807             10            1.23916
115 116    834             4            0.479616
116 117    815             5            0.613497
117 118    816             5            0.612745
118 119    832             6            0.721154
119 120    853             4            0.468933
120 121    857             6            0.700117
121 122    836             1            0.119617
122 123    817             6            0.734394
123 124    841             5            0.59453
124 125    845             12            1.42012
125 126    849             5            0.588928
126 127    883             3            0.339751
127 128    886             6            0.677201
128 129    888             5            0.563063
129 130    888             7            0.788288
130 131    906             8            0.883002
131 132    898             5            0.556793
132 133    909             11            1.21012
133 134    926             8            0.863931
134 135    902             4            0.443459
135 136    894             8            0.894855
136 137    864             8            0.925926
137 138    840             3            0.357143
138 139    861             2            0.232288
139 140    843             7            0.830368
140 141    850             2            0.235294
141 142    852             9            1.05634
142 143    863             9            1.04287
143 144    875             7            0.8
144 145    866             13            1.50115
145 146    868             7            0.806452
146 147    862             9            1.04408
147 148    842             3            0.356295
148 149    795             7            0.880503
149 150    792             8            1.0101
150 151    799             14            1.75219
151 152    811             4            0.493218
152 153    863             8            0.926999
153 154    856             12            1.40187
154 155    858             7            0.815851
155 156    830             7            0.843373
156 157    855             4            0.467836
157 158    883             4            0.453001
158 159    852             6            0.704225
159 160    865             3            0.346821
160 161    847             5            0.590319
161 162    826             7            0.847458
162 163    853             7            0.820633
163 164    846             5            0.591017
164 165    844             8            0.947867
165 166    865             6            0.693642
166 167    856             13            1.51869
167 168    811             9            1.10974
168 169    831             7            0.842359
169 170    839             4            0.476758
170 171    836             6            0.717703
171 172    833             7            0.840336
172 173    843             6            0.711744
173 174    838             5            0.596659
174 175    818             7            0.855746
175 176    829             4            0.482509
176 177    856             9            1.0514
177 178    818             6            0.733496
178 179    846             6            0.70922
179 180    829             7            0.844391
180 181    849             6            0.706714
181 182    830             4            0.481928
182 183    825             12            1.45455
183 184    809             7            0.865266
184 185    806             6            0.744417
185 186    823             2            0.243013
186 187    825             8            0.969697
187 188    823             5            0.607533
188 189    826             6            0.726392
189 190    806             5            0.620347
190 191    827             6            0.725514
191 192    821             7            0.852619
192 193    832             7            0.841346
193 194    850             4            0.470588
194 195    865             6            0.693642
195 196    846             6            0.70922
196 197    815             1            0.122699
197 198    807             7            0.86741
198 199    804             10            1.24378
199 200    788             3            0.380711
200 201    798             5            0.626566
201 202    835             9            1.07784
202 203    825             5            0.606061
203 204    818             5            0.611247
204 205    846             4            0.472813
205 206    851             3            0.352526
206 207    878             5            0.569476
207 208    865             7            0.809249
208 209    879             4            0.455063
209 210    880             6            0.681818
210 211    863             8            0.926999
211 212    820             5            0.609756
212 213    831             10            1.20337
213 214    833             4            0.480192
214 215    843             10            1.18624
215 216    852             7            0.821596
216 217    847             5            0.590319
217 218    828             6            0.724638
218 219    834             6            0.719424
219 220    820             12            1.46341
220 221    785             6            0.764331
221 222    826             6            0.726392
222 223    838             4            0.477327
223 224    845             4            0.473373
224 225    879             14            1.59272
225 226    894             5            0.559284
226 227    877             8            0.912201
227 228    844             7            0.829384
228 229    835             5            0.598802
229 230    827             6            0.725514
230 231    811             6            0.739827
231 232    787             1            0.127065
232 233    807             10            1.23916
233 234    804             6            0.746269
234 235    783             2            0.255428
235 236    774             6            0.775194
236 237    768             5            0.651042
237 238    802             7            0.872818
238 239    785             3            0.382166
239 240    769             6            0.780234
240 241    780             9            1.15385
241 242    785             5            0.636943
242 243    805             16            1.98758
243 244    818             5            0.611247
244 245    841             8            0.951249
245 246    831             6            0.722022
246 247    814             14            1.7199
247 248    810             8            0.987654
248 249    829             4            0.482509
249 250    818             4            0.488998
250 251    817             5            0.611995
251 252    790             5            0.632911
252 253    802             9            1.12219
253 254    804             5            0.621891
254 255    810             6            0.740741
255 256    836             7            0.837321
256 257    834             10            1.19904
257 258    801             4            0.499376
258 259    792             4            0.505051
259 260    791             3            0.379267
260 261    785             3            0.382166
261 262    779             8            1.02696
262 263    772             4            0.518135
263 264    789             4            0.506971
264 265    791             1            0.126422
265 266    768             4            0.520833
266 267    795             8            1.00629
267 268    822             7            0.851582
268 269    805             4            0.496894
269 270    825             7            0.848485
270 271    808             3            0.371287
271 272    785             3            0.382166
272 273    789             5            0.633714
273 274    770             8            1.03896
274 275    787             10            1.27065
275 276    786             6            0.763359
276 277    817             8            0.979192
277 278    813             9            1.10701
278 279    806             9            1.11663
279 280    812             7            0.862069
280 281    787             6            0.762389
281 282    821             5            0.609013
282 283    792             8            1.0101
283 284    775             13            1.67742
284 285    770             7            0.909091
285 286    763             7            0.917431
286 287    785             7            0.89172
287 288    758             7            0.923483
288 289    744             6            0.806452
289 290    783             11            1.40485
290 291    811             9            1.10974
291 292    793             8            1.00883
292 293    818             6            0.733496
293 294    820             8            0.97561
294 295    772             8            1.03627
295 296    764             7            0.91623
296 297    755             11            1.45695
297 298    738             5            0.677507
298 299    756             8            1.0582
299 300    732             8            1.0929
300 301    770             8            1.03896
301 302    781             9            1.15237
302 303    777             7            0.900901
303 304    797             4            0.501882
304 305    784             1            0.127551
305 306    786             4            0.508906
306 307    788             6            0.761421
307 308    790             5            0.632911
308 309    793             7            0.882724
309 310    769             6            0.780234
310 311    783             5            0.63857
311 312    764             6            0.78534
312 313    748             8            1.06952
313 314    784             2            0.255102
314 315    813             6            0.738007
315 316    823             6            0.72904
316 317    822             5            0.608273
317 318    789             7            0.887199
318 319    792             7            0.883838
319 320    741             3            0.404858
320 321    716             7            0.977654
321 322    699             6            0.858369
322 323    713             11            1.54278
323 324    704             12            1.70455
324 325    654             8            1.22324
325 326    651             4            0.614439
326 327    634             5            0.788644
327 328    625             5            0.8
328 329    619             4            0.646204
329 330    590             4            0.677966
330 331    594             4            0.673401
331 332    570             2            0.350877
332 333    581             3            0.516351
333 334    584             4            0.684932
334 335    605             6            0.991736
335 336    575             3            0.521739
336 337    553             4            0.723327
337 338    542             4            0.738007
338 339    525             11            2.09524
339 340    522             5            0.957854
340 341    505             6            1.18812
341 342    508             7            1.37795
342 343    478             7            1.46444
343 344    461             4            0.867679
344 345    435             7            1.6092
345 346    430             2            0.465116
346 347    396             2            0.505051
347 348    364             3            0.824176
348 349    360             6            1.66667
349 350    342             3            0.877193
350 351    320             1            0.3125
351 352    302             1            0.331126
352 353    291             6            2.06186
353 354    256             3            1.17188
354 355    223             4            1.79372
355 356    196             0            0
356 357    171             1            0.584795
357 358    150             1            0.666667
358 359    135             1            0.740741
359 360    122             1            0.819672
360 361    106             0            0
361 362    86             0            0
362 363    73             0            0
363 364    69             0            0
364 365    52             1            1.92308
365 366    39             0            0
366 367    24             1            4.16667
367 368    0             0            -nan
368 369    0             0            -nan
369 370    0             0            -nan
370 371    0             0            -nan
371 372    0             0            -nan
372 373    0             0            -nan
373 374    0             0            -nan
374 375    0             0            -nan
375 376    0             0            -nan
376 377    0             0            -nan
377 378    0             0            -nan
378 379    0             0            -nan
379 380    0             0            -nan
380 381    0             0            -nan
381 382    0             0            -nan
382 383    0             0            -nan
383 384    0             0            -nan
384 385    0             0            -nan
385 386    0             0            -nan
386 387    0             0            -nan
387 388    0             0            -nan
388 389    0             0            -nan
389 390    0             0            -nan
390 391    0             0            -nan
391 392    0             0            -nan
392 393    0             0            -nan
393 394    0             0            -nan
394 395    0             0            -nan
395 396    0             0            -nan
396 397    0             0            -nan
397 398    0             0            -nan
398 399    0             0            -nan
